1.36091513 -0.10805901 0.12543794 0.38354805 -0.35689819 0.80222695 -0.28626300 
1.30968782 -0.23454256 0.13955771 0.27584928 -0.26659622 0.82468946 -0.41559707 
1.31890772 -0.23645895 0.24872235 0.38896323 -0.20958870 0.75806761 -0.47970165 
1.26293633 -0.29750842 0.28084514 0.34798087 -0.12245060 0.74913687 -0.55019008 
1.26657888 -0.29834563 0.25440013 0.31761346 -0.14198089 0.76816458 -0.53748143 
1.32848566 -0.19403588 0.12169616 0.30257792 -0.30215350 0.82603032 -0.36718356 
1.37595055 -0.07479972 0.16795102 0.44788480 -0.36886672 0.76432114 -0.28133564 
1.37330521 -0.07415373 0.15242910 0.43363050 -0.37253208 0.77477729 -0.27000849 
1.36017242 -0.15477997 0.20025938 0.53866567 0.04395979 0.82386624 -0.17073738 
1.33242207 -0.19486783 0.13677690 0.44622435 0.07041344 0.86681461 -0.21108813 
1.36084255 -0.15510681 0.23200191 0.49038387 -0.20299210 0.77419608 -0.34487431 
1.33032706 -0.21960472 0.21116352 0.00161178 -0.68530739 0.44336793 -0.57773356 
1.38022552 -0.07056564 0.20550837 0.56472040 -0.03638862 0.82033937 -0.08252308 
