0.698119 0.000137 0.515249 0.398897 -0.578868 0.587593 -0.400660 
0.645240 -0.000836 0.555239 0.377338 -0.593315 0.600267 -0.381147 
0.624115 -0.000333 0.610909 0.360600 -0.613087 0.604594 -0.358551 
0.642435 0.000045 0.658849 0.338067 -0.620766 0.618499 -0.343250 
0.618979 0.046226 0.645709 0.330249 -0.649215 0.609302 -0.313380 
0.636589 -0.048801 0.671932 0.337101 -0.599397 0.629677 -0.361378 
0.691959 -0.056060 0.603795 0.361399 -0.582883 0.616135 -0.387319 
0.660413 -0.056512 0.569749 0.392182 -0.552195 0.599959 -0.425821 
0.663472 0.023932 0.570311 0.416308 -0.596781 0.560714 -0.395145 
0.671727 0.022223 0.513193 0.416684 -0.587692 0.560461 -0.408504 
0.663663 0.035313 0.540378 0.368589 -0.600448 0.572793 -0.418942 
0.698473 0.027893 0.565437 0.394087 -0.605926 0.595128 -0.351243 
0.698449 -0.037669 0.564560 0.371344 -0.576820 0.618434 -0.383304 
0.713587 0.019478 0.631622 0.352148 -0.630400 0.615295 -0.316227 
0.700093 0.017314 0.617888 0.368125 -0.619959 0.606691 -0.334755 
0.662047 0.014513 0.561772 0.386507 -0.607959 0.595465 -0.355556 